xof 0303txt 0032
template ColorRGBA {
 <35ff44e0-6c7c-11cf-8f52-0040333594a3>
 FLOAT red;
 FLOAT green;
 FLOAT blue;
 FLOAT alpha;
}

template ColorRGB {
 <d3e16e81-7835-11cf-8f52-0040333594a3>
 FLOAT red;
 FLOAT green;
 FLOAT blue;
}

template Material {
 <3d82ab4d-62da-11cf-ab39-0020af71e433>
 ColorRGBA faceColor;
 FLOAT power;
 ColorRGB specularColor;
 ColorRGB emissiveColor;
 [...]
}

template TextureFilename {
 <a42790e1-7810-11cf-8f52-0040333594a3>
 STRING filename;
}

template Frame {
 <3d82ab46-62da-11cf-ab39-0020af71e433>
 [...]
}

template Matrix4x4 {
 <f6f23f45-7686-11cf-8f52-0040333594a3>
 array FLOAT matrix[16];
}

template FrameTransformMatrix {
 <f6f23f41-7686-11cf-8f52-0040333594a3>
 Matrix4x4 frameMatrix;
}

template Vector {
 <3d82ab5e-62da-11cf-ab39-0020af71e433>
 FLOAT x;
 FLOAT y;
 FLOAT z;
}

template MeshFace {
 <3d82ab5f-62da-11cf-ab39-0020af71e433>
 DWORD nFaceVertexIndices;
 array DWORD faceVertexIndices[nFaceVertexIndices];
}

template Mesh {
 <3d82ab44-62da-11cf-ab39-0020af71e433>
 DWORD nVertices;
 array Vector vertices[nVertices];
 DWORD nFaces;
 array MeshFace faces[nFaces];
 [...]
}

template MeshNormals {
 <f6f23f43-7686-11cf-8f52-0040333594a3>
 DWORD nNormals;
 array Vector normals[nNormals];
 DWORD nFaceNormals;
 array MeshFace faceNormals[nFaceNormals];
}

template MeshMaterialList {
 <f6f23f42-7686-11cf-8f52-0040333594a3>
 DWORD nMaterials;
 DWORD nFaceIndexes;
 array DWORD faceIndexes[nFaceIndexes];
 [Material <3d82ab4d-62da-11cf-ab39-0020af71e433>]
}

template IndexedColor {
 <1630b820-7842-11cf-8f52-0040333594a3>
 DWORD index;
 ColorRGBA indexColor;
}

template MeshVertexColors {
 <1630b821-7842-11cf-8f52-0040333594a3>
 DWORD nVertexColors;
 array IndexedColor vertexColors[nVertexColors];
}

template Coords2d {
 <f6f23f44-7686-11cf-8f52-0040333594a3>
 FLOAT u;
 FLOAT v;
}

template MeshTextureCoords {
 <f6f23f40-7686-11cf-8f52-0040333594a3>
 DWORD nTextureCoords;
 array Coords2d textureCoords[nTextureCoords];
}

template FVFData {
 <b6e70a0e-8ef9-4e83-94ad-ecc8b0c04897>
 DWORD dwFVF;
 DWORD nDWords;
 array DWORD data[nDWords];
}

template XSkinMeshHeader {
 <3cf169ce-ff7c-44ab-93c0-f78f62d172e2>
 WORD nMaxSkinWeightsPerVertex;
 WORD nMaxSkinWeightsPerFace;
 WORD nBones;
}

template SkinWeights {
 <6f0d123b-bad2-4167-a0d0-80224f25fabb>
 STRING transformNodeName;
 DWORD nWeights;
 array DWORD vertexIndices[nWeights];
 array FLOAT weights[nWeights];
 Matrix4x4 matrixOffset;
}

template Animation {
 <3d82ab4f-62da-11cf-ab39-0020af71e433>
 [...]
}

template AnimationSet {
 <3d82ab50-62da-11cf-ab39-0020af71e433>
 [Animation <3d82ab4f-62da-11cf-ab39-0020af71e433>]
}

template AnimationOptions {
 <e2bf56c0-840f-11cf-8f52-0040333594a3>
 DWORD openclosed;
 DWORD positionquality;
}

template FloatKeys {
 <10dd46a9-775b-11cf-8f52-0040333594a3>
 DWORD nValues;
 array FLOAT values[nValues];
}

template TimedFloatKeys {
 <f406b180-7b3b-11cf-8f52-0040333594a3>
 DWORD time;
 FloatKeys tfkeys;
}

template AnimationKey {
 <10dd46a8-775b-11cf-8f52-0040333594a3>
 DWORD keyType;
 DWORD nKeys;
 array TimedFloatKeys keys[nKeys];
}


Material Multimaterial_Human_M_L02_Body_MISub0 {
 1.000000;1.000000;1.000000;1.000000;;
 3.200000;
 0.000000;0.000000;0.000000;;
 0.000000;0.000000;0.000000;;

 TextureFilename {
  "Human_M_L02_Body_diff.tga";
 }
}

Material Multimaterial_Human_M_L02_Hand_MISub0 {
 1.000000;1.000000;1.000000;1.000000;;
 3.200000;
 0.000000;0.000000;0.000000;;
 0.000000;0.000000;0.000000;;

 TextureFilename {
  "Human_M_L02_Hand_diff.tga";
 }
}

Material Multimaterial_Human_M_L02_Leg_MISub0 {
 1.000000;1.000000;1.000000;1.000000;;
 3.200000;
 0.000000;0.000000;0.000000;;
 0.000000;0.000000;0.000000;;

 TextureFilename {
  "Human_M_L02_Leg_diff.tga";
 }
}

Frame Dummy_root {
 

 FrameTransformMatrix {
  0.000153,-0.000101,-1.000000,0.000000,0.000233,1.000000,-0.000100,0.000000,1.000000,-0.000233,0.000153,0.000000,-0.000002,24.012974,-0.000000,1.000000;;
 }

 Frame Bip01 {
  

  FrameTransformMatrix {
   -0.206785,-0.116733,0.971398,0.000000,0.085892,0.986857,0.136875,0.000000,-0.974609,0.111739,-0.194041,0.000000,3.677008,-8.629270,1.612237,1.000000;;
  }

  Frame Bip01-Pelvis {
   

   FrameTransformMatrix {
    -0.061532,0.997969,-0.016503,0.000000,0.164637,0.026457,0.985999,0.000000,0.984434,0.057953,-0.165930,0.000000,-0.000000,0.000002,0.000000,1.000000;;
   }

   Frame Bip01-Spine {
    

    FrameTransformMatrix {
     0.997920,0.026510,0.058761,0.000000,-0.016410,0.985966,-0.166137,0.000000,-0.062341,0.164827,0.984351,0.000000,1.127731,0.079181,0.357687,1.000000;;
    }

    Frame Bip01-Spine1 {
     

     FrameTransformMatrix {
      0.983121,0.051922,0.175435,0.000000,-0.031328,0.992497,-0.118183,0.000000,-0.180255,0.110692,0.977372,0.000000,0.608177,-0.000229,-0.003197,1.000000;;
     }

     Frame Bip01-Spine2 {
      

      FrameTransformMatrix {
       0.992816,0.051917,0.107802,0.000000,-0.039326,0.992494,-0.115798,0.000000,-0.113005,0.110727,0.987406,0.000000,3.955542,0.000533,-0.002075,1.000000;;
      }

      Frame Bip01-Spine3 {
       

       FrameTransformMatrix {
        0.998497,0.051889,0.017636,0.000000,-0.049603,0.992496,-0.111760,0.000000,-0.023302,0.110717,0.993579,0.000000,2.102795,-0.000063,-0.004733,1.000000;;
       }

       Frame Bip01-Neck {
        

        FrameTransformMatrix {
         0.905469,-0.413896,0.093893,0.000000,0.279625,0.748215,0.601651,0.000000,-0.319273,-0.518522,0.793222,0.000000,6.664711,0.002998,-0.263746,1.000000;;
        }

        Frame Bip01-Head {
         

         FrameTransformMatrix {
          0.966335,-0.172466,-0.190923,0.000000,0.189308,0.979150,0.073672,0.000000,0.174236,-0.107335,0.978836,0.000000,2.769783,0.000038,-0.000978,1.000000;;
         }

         Frame Bip01-HeadNub {
          

          FrameTransformMatrix {
           1.000000,0.000053,0.000158,0.000000,-0.000053,1.000000,0.000168,0.000000,-0.000158,-0.000168,1.000000,0.000000,4.948406,0.000261,0.000784,1.000000;;
          }
         }

         Frame FxTop {
          

          FrameTransformMatrix {
           0.322741,-0.924666,0.202067,0.000000,0.843457,0.184113,-0.504661,0.000000,0.429439,0.333309,0.839337,0.000000,4.435818,0.000104,0.449377,1.000000;;
          }
         }
        }

        Frame Bip01-L-Clavicle {
         

         FrameTransformMatrix {
          -0.379508,0.901710,0.207108,0.000000,0.856108,0.427135,-0.290922,0.000000,-0.350790,0.066900,-0.934062,0.000000,-1.456989,0.586687,-1.033403,1.000000;;
         }

         Frame Bip01-L-UpperArm {
          

          FrameTransformMatrix {
           0.365308,-0.627345,-0.687742,0.000000,0.192185,0.773713,-0.603683,0.000000,0.910832,0.088357,0.403210,0.000000,4.156314,-0.000227,-0.000448,1.000000;;
          }

          Frame Bip01-L-Forearm {
           

           FrameTransformMatrix {
            0.455566,0.000052,-0.890202,0.000000,-0.000052,1.000000,0.000032,0.000000,0.890202,0.000032,0.455566,0.000000,6.773541,0.000473,-0.000969,1.000000;;
           }

           Frame Bip01-L-Hand {
            

            FrameTransformMatrix {
             0.484287,0.363708,0.795728,0.000000,0.815747,0.141057,-0.560945,0.000000,-0.316263,0.920771,-0.228381,0.000000,6.773541,-0.000177,0.000383,1.000000;;
            }

            Frame Bip01-L-Finger0 {
             

             FrameTransformMatrix {
              0.344582,-0.708534,0.615828,0.000000,0.544681,-0.383391,-0.745878,0.000000,0.764582,0.592446,0.253816,0.000000,0.151126,-0.859449,0.620632,1.000000;;
             }

             Frame Bip01-L-Finger01 {
              

              FrameTransformMatrix {
               0.999902,-0.000000,0.014038,0.000000,-0.000000,1.000000,-0.000000,0.000000,-0.014038,-0.000000,0.999902,0.000000,1.565398,-0.000343,0.000008,1.000000;;
              }

              Frame Bip01-L-Finger02 {
               

               FrameTransformMatrix {
                0.453015,-0.000220,0.891503,0.000000,0.000092,1.000000,0.000200,0.000000,-0.891503,-0.000008,0.453015,0.000000,1.283393,-0.000286,0.000084,1.000000;;
               }

               Frame Bip01-L-Finger0Nub {
                

                FrameTransformMatrix {
                 1.000000,0.000233,-0.000037,0.000000,-0.000233,1.000000,-0.000261,0.000000,0.000037,0.000261,1.000000,0.000000,1.098760,0.000257,-0.000042,1.000000;;
                }
               }
              }
             }
            }

            Frame Bip01-L-Finger1 {
             

             FrameTransformMatrix {
              0.395647,0.143451,0.907130,0.000000,0.177589,0.957135,-0.228814,0.000000,-0.901069,0.251626,0.353212,0.000000,2.581015,-1.531456,-0.180899,1.000000;;
             }

             Frame Bip01-L-Finger11 {
              

              FrameTransformMatrix {
               0.681259,0.000185,0.732043,0.000000,-0.000039,1.000000,-0.000217,0.000000,-0.732043,0.000119,0.681259,0.000000,1.523924,0.000084,0.000126,1.000000;;
              }

              Frame Bip01-L-Finger12 {
               

               FrameTransformMatrix {
                0.540673,0.000000,0.841233,0.000000,-0.000000,1.000000,0.000000,0.000000,-0.841233,-0.000000,0.540673,0.000000,0.906912,0.000003,-0.000018,1.000000;;
               }

               Frame Bip01-L-Finger1Nub {
                

                FrameTransformMatrix {
                 1.000000,-0.000015,0.000044,0.000000,0.000015,1.000000,0.000013,0.000000,-0.000044,-0.000013,1.000000,0.000000,0.888451,-0.000013,0.000038,1.000000;;
                }
               }
              }
             }
            }

            Frame Bip01-L-Finger2 {
             

             FrameTransformMatrix {
              0.591281,0.024014,0.806109,0.000000,-0.006800,0.999670,-0.024793,0.000000,-0.806437,0.009178,0.591249,0.000000,2.603210,-0.432930,-0.415716,1.000000;;
             }

             Frame Bip01-L-Finger21 {
              

              FrameTransformMatrix {
               0.254524,-0.000000,0.967067,0.000000,-0.000000,1.000000,0.000000,0.000000,-0.967067,-0.000000,0.254524,0.000000,1.808523,0.000134,0.000156,1.000000;;
              }

              Frame Bip01-L-Finger22 {
               

               FrameTransformMatrix {
                0.633437,0.000192,0.773794,0.000000,-0.000139,1.000000,-0.000134,0.000000,-0.773794,-0.000023,0.633437,0.000000,1.019742,0.000181,0.000093,1.000000;;
               }

               Frame Bip01-L-Finger2Nub {
                

                FrameTransformMatrix {
                 1.000000,-0.000103,-0.000019,0.000000,0.000103,1.000000,0.000134,0.000000,0.000019,-0.000134,1.000000,0.000000,1.020781,-0.000103,-0.000019,1.000000;;
                }
               }
              }
             }
            }

            Frame Bip01-L-Finger3 {
             

             FrameTransformMatrix {
              0.603102,-0.070189,0.794570,0.000000,0.056257,0.997383,0.045404,0.000000,-0.795678,0.017317,0.605472,0.000000,2.677963,0.419720,-0.512285,1.000000;;
             }

             Frame Bip01-L-Finger31 {
              

              FrameTransformMatrix {
               0.356599,0.000120,0.934257,0.000000,0.000019,1.000000,-0.000135,0.000000,-0.934257,0.000066,0.356599,0.000000,1.670755,0.000002,0.000248,1.000000;;
              }

              Frame Bip01-L-Finger32 {
               

               FrameTransformMatrix {
                0.682767,-0.000000,0.730636,0.000000,-0.000000,1.000000,0.000000,0.000000,-0.730636,-0.000000,0.682767,0.000000,0.967648,0.000021,0.000021,1.000000;;
               }

               Frame Bip01-L-Finger3Nub {
                

                FrameTransformMatrix {
                 1.000000,0.000004,0.000074,0.000000,-0.000004,1.000000,0.000027,0.000000,-0.000074,-0.000027,1.000000,0.000000,0.915332,0.000004,0.000071,1.000000;;
                }
               }
              }
             }
            }

            Frame Bip01-L-Finger4 {
             

             FrameTransformMatrix {
              0.730706,-0.237664,0.639988,0.000000,0.203241,0.970671,0.128415,0.000000,-0.651737,0.036238,0.757579,0.000000,2.534512,1.297606,-0.175650,1.000000;;
             }

             Frame Bip01-L-Finger41 {
              

              FrameTransformMatrix {
               0.777344,0.000000,0.629077,0.000000,-0.000000,1.000000,-0.000000,0.000000,-0.629076,-0.000000,0.777344,0.000000,1.198000,-0.000034,0.000157,1.000000;;
              }

              Frame Bip01-L-Finger42 {
               

               FrameTransformMatrix {
                0.438944,0.000052,0.898514,0.000000,-0.000052,1.000000,-0.000032,0.000000,-0.898514,-0.000032,0.438944,0.000000,0.622828,0.000019,-0.000050,1.000000;;
               }

               Frame Bip01-L-Finger4Nub {
                

                FrameTransformMatrix {
                 1.000000,0.000031,0.000074,0.000000,-0.000031,1.000000,-0.000040,0.000000,-0.000074,0.000040,1.000000,0.000000,0.717772,0.000023,0.000052,1.000000;;
                }
               }
              }
             }
            }

            Frame FxHand00 {
             

             FrameTransformMatrix {
              0.484368,0.815670,-0.316340,0.000000,0.363652,0.141157,0.920779,0.000000,0.795705,-0.561033,-0.228247,0.000000,0.000000,0.000000,0.000000,1.000000;;
             }
            }

            Frame L_Sword {
             

             FrameTransformMatrix {
              0.489956,-0.806961,-0.329783,0.000000,0.839417,0.334655,0.428235,0.000000,-0.235206,-0.486642,0.841343,0.000000,1.600923,-1.594155,-1.706202,1.000000;;
             }
            }
           }

           Frame L_Elbow {
            

            FrameTransformMatrix {
             0.853146,-0.000000,0.521672,0.000000,-0.000000,1.000000,-0.000000,0.000000,-0.521672,0.000000,0.853146,0.000000,0.000005,-0.000002,0.000008,1.000000;;
            }
           }

           Frame L_Shield {
            

            FrameTransformMatrix {
             1.000000,-0.000026,0.000056,0.000000,0.000026,1.000000,-0.000034,0.000000,-0.000056,0.000034,1.000000,0.000000,2.500068,2.499931,0.000061,1.000000;;
            }
           }

           Frame Bip01-L-ForeTwist {
            

            FrameTransformMatrix {
             1.000000,-0.000000,-0.000000,0.000000,0.000000,0.122846,-0.992426,0.000000,0.000000,0.992426,0.122846,0.000000,0.000000,0.000000,0.000003,1.000000;;
            }
           }
          }

          Frame L_Shoulder {
           

           FrameTransformMatrix {
            0.824244,0.110432,0.555361,0.000000,-0.386416,0.826617,0.409130,0.000000,-0.413890,-0.551824,0.724007,0.000000,-0.000004,-0.000004,0.000001,1.000000;;
           }
          }

          Frame L_Shoulder_Twist {
           

           FrameTransformMatrix {
            1.000000,0.000022,-0.000120,0.000000,0.000022,0.935069,0.354465,0.000000,0.000120,-0.354465,0.935070,0.000000,0.000000,-0.000004,0.000000,1.000000;;
           }
          }
         }
        }

        Frame Bip01-R-Clavicle {
         

         FrameTransformMatrix {
          0.628413,-0.383832,0.676587,0.000000,-0.774882,-0.385169,0.501201,0.000000,0.068224,-0.839237,-0.539470,0.000000,-0.149183,-1.776543,0.603173,1.000000;;
         }

         Frame Bip01-R-UpperArm {
          

          FrameTransformMatrix {
           0.055221,0.544154,-0.837166,0.000000,-0.184997,0.829505,0.526971,0.000000,0.981186,0.125773,0.146473,0.000000,4.156316,-0.000170,0.000193,1.000000;;
          }

          Frame Bip01-R-Forearm {
           

           FrameTransformMatrix {
            0.838162,-0.000000,-0.545422,0.000000,0.000000,1.000000,-0.000000,0.000000,0.545422,-0.000000,0.838162,0.000000,6.773532,-0.000160,0.000262,1.000000;;
           }

           Frame Bip01-R-Hand {
            

            FrameTransformMatrix {
             0.782889,0.498822,0.371836,0.000000,0.609877,-0.497113,-0.617194,0.000000,-0.123025,0.709968,-0.693405,0.000000,6.773538,0.000025,0.000263,1.000000;;
            }

            Frame Bip01-R-Finger0 {
             

             FrameTransformMatrix {
              0.670573,0.456948,0.584407,0.000000,-0.478930,-0.334949,0.811441,0.000000,0.566532,-0.824020,-0.005762,0.000000,0.151207,0.859542,0.620487,1.000000;;
             }

             Frame Bip01-R-Finger01 {
              

              FrameTransformMatrix {
               0.950351,-0.000000,0.311181,0.000000,-0.000000,1.000000,0.000000,0.000000,-0.311181,0.000000,0.950351,0.000000,1.565399,0.000014,-0.000042,1.000000;;
              }

              Frame Bip01-R-Finger02 {
               

               FrameTransformMatrix {
                0.081736,-0.000000,0.996654,0.000000,0.000000,1.000000,0.000000,0.000000,-0.996654,0.000000,0.081736,0.000000,1.283392,0.000032,-0.000038,1.000000;;
               }

               Frame Bip01-R-Finger0Nub {
                

                FrameTransformMatrix {
                 -1.000000,-0.000033,0.000689,0.000000,-0.000033,1.000000,0.000020,0.000000,-0.000689,0.000020,-1.000000,0.000000,1.098754,0.000036,-0.000034,1.000000;;
                }
               }
              }
             }
            }

            Frame Bip01-R-Finger1 {
             

             FrameTransformMatrix {
              0.925015,0.041254,0.377685,0.000000,-0.154492,0.949032,0.274718,0.000000,-0.347102,-0.312467,0.884243,0.000000,2.581118,1.531241,-0.181242,1.000000;;
             }

             Frame Bip01-R-Finger11 {
              

              FrameTransformMatrix {
               0.751094,0.000000,0.660196,0.000000,0.000000,1.000000,0.000000,0.000000,-0.660196,-0.000000,0.751094,0.000000,1.523918,0.000036,0.000043,1.000000;;
              }

              Frame Bip01-R-Finger12 {
               

               FrameTransformMatrix {
                0.343826,0.000000,0.939033,0.000000,-0.000000,1.000000,-0.000000,0.000000,-0.939033,0.000000,0.343826,0.000000,0.906920,0.000033,0.000024,1.000000;;
               }

               Frame Bip01-R-Finger1Nub {
                

                FrameTransformMatrix {
                 -1.000000,-0.000019,-0.000689,0.000000,-0.000019,1.000000,0.000034,0.000000,0.000689,0.000034,-1.000000,0.000000,0.888451,0.000018,0.000025,1.000000;;
                }
               }
              }
             }
            }

            Frame Bip01-R-Finger2 {
             

             FrameTransformMatrix {
              0.781594,0.064351,0.620459,0.000000,-0.084445,0.996424,0.003032,0.000000,-0.618045,-0.054765,0.784233,0.000000,2.603223,0.432675,-0.415885,1.000000;;
             }

             Frame Bip01-R-Finger21 {
              

              FrameTransformMatrix {
               0.189564,-0.000000,0.981868,0.000000,-0.000000,1.000000,-0.000000,0.000000,-0.981869,0.000000,0.189564,0.000000,1.808527,0.000043,0.000059,1.000000;;
              }

              Frame Bip01-R-Finger22 {
               

               FrameTransformMatrix {
                0.606328,-0.000000,0.795214,0.000000,-0.000000,1.000000,-0.000000,0.000000,-0.795214,-0.000000,0.606328,0.000000,1.019749,0.000029,0.000032,1.000000;;
               }

               Frame Bip01-R-Finger2Nub {
                

                FrameTransformMatrix {
                 -1.000000,-0.000004,-0.000689,0.000000,-0.000004,1.000000,0.000035,0.000000,0.000689,0.000035,-1.000000,0.000000,1.020782,0.000004,0.000033,1.000000;;
                }
               }
              }
             }
            }

            Frame Bip01-R-Finger3 {
             

             FrameTransformMatrix {
              0.514093,0.089125,0.853092,0.000000,-0.014109,0.995331,-0.095483,0.000000,-0.857618,0.037051,0.512950,0.000000,2.677909,-0.419996,-0.512317,1.000000;;
             }

             Frame Bip01-R-Finger31 {
              

              FrameTransformMatrix {
               0.246661,0.000000,0.969102,0.000000,0.000000,1.000000,-0.000000,0.000000,-0.969102,0.000000,0.246661,0.000000,1.670757,0.000044,0.000058,1.000000;;
              }

              Frame Bip01-R-Finger32 {
               

               FrameTransformMatrix {
                0.668493,-0.000000,0.743719,0.000000,0.000000,1.000000,0.000000,0.000000,-0.743719,0.000000,0.668493,0.000000,0.967648,0.000022,0.000025,1.000000;;
               }

               Frame Bip01-R-Finger3Nub {
                

                FrameTransformMatrix {
                 -1.000000,0.000001,-0.000690,0.000000,0.000000,1.000000,0.000032,0.000000,0.000690,0.000032,-1.000000,0.000000,0.915339,-0.000001,0.000032,1.000000;;
                }
               }
              }
             }
            }

            Frame Bip01-R-Finger4 {
             

             FrameTransformMatrix {
              0.339554,0.244559,0.908237,0.000000,0.238785,0.911559,-0.334726,0.000000,-0.909772,0.330531,0.251126,0.000000,2.534410,-1.297818,-0.175532,1.000000;;
             }

             Frame Bip01-R-Finger41 {
              

              FrameTransformMatrix {
               0.706960,-0.000000,0.707254,0.000000,0.000000,1.000000,0.000000,0.000000,-0.707254,0.000000,0.706960,0.000000,1.197998,0.000020,0.000050,1.000000;;
              }

              Frame Bip01-R-Finger42 {
               

               FrameTransformMatrix {
                0.698640,0.000000,0.715474,0.000000,-0.000000,1.000000,0.000000,0.000000,-0.715474,-0.000000,0.698640,0.000000,0.622829,0.000016,0.000027,1.000000;;
               }

               Frame Bip01-R-Finger4Nub {
                

                FrameTransformMatrix {
                 -1.000000,-0.000017,-0.000690,0.000000,-0.000017,1.000000,0.000018,0.000000,0.000690,0.000018,-1.000000,0.000000,0.717773,0.000013,0.000030,1.000000;;
                }
               }
              }
             }
            }

            Frame FxHand01 {
             

             FrameTransformMatrix {
              0.782937,0.609806,-0.123075,0.000000,0.498788,-0.497104,0.709998,0.000000,0.371780,-0.617272,-0.693365,0.000000,-0.000004,-0.000000,0.000003,1.000000;;
             }
            }

            Frame R_Sword {
             

             FrameTransformMatrix {
              0.918621,-0.388076,-0.074382,0.000000,0.389532,0.920996,0.005587,0.000000,0.066338,-0.034106,0.997214,0.000000,2.114103,0.073664,0.941817,1.000000;;
             }
            }
           }

           Frame R_Elbow {
            

            FrameTransformMatrix {
             0.958676,0.000000,0.284499,0.000000,0.000000,1.000000,-0.000000,0.000000,-0.284499,-0.000000,0.958676,0.000000,0.000000,0.000000,0.000000,1.000000;;
            }
           }

           Frame Bip01-R-ForeTwist {
            

            FrameTransformMatrix {
             1.000000,-0.000000,0.000000,0.000000,0.000000,0.943097,-0.332518,0.000000,-0.000000,0.332518,0.943097,0.000000,0.000000,0.000000,0.000000,1.000000;;
            }
           }
          }

          Frame R_Shoulder {
           

           FrameTransformMatrix {
            0.724878,-0.127975,0.676886,0.000000,0.375118,0.897467,-0.232035,0.000000,-0.577788,0.422109,0.698560,0.000000,-0.000002,0.000000,0.000000,1.000000;;
           }
          }

          Frame R_Shoulder_Twist {
           

           FrameTransformMatrix {
            1.000000,-0.000000,0.000000,0.000000,0.000000,0.969732,-0.244171,0.000000,0.000000,0.244171,0.969732,0.000000,-0.000002,0.000000,0.000000,1.000000;;
           }
          }
         }
        }
       }
      }

      Frame FxCenter {
       

       FrameTransformMatrix {
        -0.086634,-0.900498,-0.426144,0.000000,0.923008,0.088419,-0.374485,0.000000,0.374902,-0.425777,0.823506,0.000000,1.025042,0.000099,0.165686,1.000000;;
       }
      }

      Frame Weapon_Back {
       

       FrameTransformMatrix {
        -0.999143,-0.000698,-0.041379,0.000000,0.000710,-1.000000,-0.000289,0.000000,-0.041379,-0.000318,0.999144,0.000000,5.949173,0.002930,-6.086643,1.000000;;
       }
      }
     }
    }

    Frame Bip01-L-Thigh {
     

     FrameTransformMatrix {
      -0.305177,-0.041497,0.951392,0.000000,-0.570590,-0.791891,-0.217568,0.000000,0.762426,-0.609251,0.217989,0.000000,-1.086903,2.300839,0.090577,1.000000;;
     }

     Frame Bip01-L-Calf {
      

      FrameTransformMatrix {
       0.277302,-0.000000,-0.960783,0.000000,0.000000,1.000000,-0.000000,0.000000,0.960783,0.000000,0.277302,0.000000,11.699754,0.000169,0.000196,1.000000;;
      }

      Frame Bip01-L-Foot {
       

       FrameTransformMatrix {
        0.757848,0.610275,0.230719,0.000000,-0.645386,0.753056,0.128002,0.000000,-0.095628,-0.245908,0.964564,0.000000,10.890700,0.000158,-0.000109,1.000000;;
       }

       Frame Bip01-L-Toe0 {
        

        FrameTransformMatrix {
         -0.010078,-0.005641,0.999933,0.000000,-0.058076,0.998300,0.005047,0.000000,-0.998261,-0.058021,-0.010389,0.000000,2.733398,0.000030,3.010858,1.000000;;
        }

        Frame Bip01-L-Toe0Nub {
         

         FrameTransformMatrix {
          -1.000000,0.000035,0.000688,0.000000,0.000035,1.000000,0.000049,0.000000,-0.000688,0.000049,-1.000000,0.000000,2.841990,-0.000102,-0.000016,1.000000;;
         }
        }
       }
      }

      Frame L_Knee {
       

       FrameTransformMatrix {
        0.799182,-0.000000,0.601089,0.000000,-0.000000,1.000000,0.000000,0.000000,-0.601089,0.000000,0.799182,0.000000,-0.000002,-0.000004,-0.000003,1.000000;;
       }
      }

      Frame Bip01-LCalfTwist {
       

       FrameTransformMatrix {
        1.000000,0.000000,0.000000,0.000000,-0.000000,0.996463,0.084035,0.000000,0.000000,-0.084035,0.996463,0.000000,0.000000,0.000000,-0.000004,1.000000;;
       }
      }
     }

     Frame L_Thigh {
      

      FrameTransformMatrix {
       0.812608,0.205439,-0.545401,0.000000,-0.092182,0.969339,0.227781,0.000000,0.575474,-0.134821,0.806631,0.000000,0.317528,-0.016593,0.618491,1.000000;;
      }
     }
    }

    Frame Bip01-R-Thigh {
     

     FrameTransformMatrix {
      -0.417685,-0.897535,0.141314,0.000000,0.585331,-0.384762,-0.713684,0.000000,0.694929,-0.215379,0.686065,0.000000,-1.210106,-2.301118,-0.680251,1.000000;;
     }

     Frame Bip01-R-Calf {
      

      FrameTransformMatrix {
       -0.008844,0.000000,-0.999961,0.000000,-0.000000,1.000000,0.000000,0.000000,0.999961,-0.000000,-0.008844,0.000000,11.699749,0.002432,0.000503,1.000000;;
      }

      Frame Bip01-R-Foot {
       

       FrameTransformMatrix {
        0.577905,-0.621286,0.529178,0.000000,0.446797,0.783473,0.431905,0.000000,-0.682933,-0.013165,0.730362,0.000000,10.890702,-0.003566,0.000181,1.000000;;
       }

       Frame Bip01-R-Toe0 {
        

        FrameTransformMatrix {
         -0.000931,0.000984,1.000000,0.000000,-0.014922,0.999888,-0.000998,0.000000,-0.999888,-0.014923,-0.000916,0.000000,2.732515,0.001371,3.011659,1.000000;;
        }

        Frame Bip01-R-Toe0Nub {
         

         FrameTransformMatrix {
          1.000000,-0.000488,-0.000295,0.000000,0.000488,1.000000,-0.000049,0.000000,0.000295,0.000048,1.000000,0.000000,2.841993,-0.001385,-0.000838,1.000000;;
         }
        }
       }
      }

      Frame R_Knee {
       

       FrameTransformMatrix {
        0.703987,-0.000052,0.710213,0.000000,0.000286,1.000000,-0.000211,0.000000,-0.710213,0.000352,0.703987,0.000000,-0.000002,0.000001,0.000001,1.000000;;
       }
      }

      Frame Bip01-RCalfTwist {
       

       FrameTransformMatrix {
        1.000000,-0.000303,-0.000038,0.000000,0.000303,0.968519,0.248941,0.000000,-0.000038,-0.248941,0.968519,0.000000,-0.000002,0.000002,0.000001,1.000000;;
       }
      }
     }

     Frame R_Thigh {
      

      FrameTransformMatrix {
       0.864904,-0.365016,-0.344534,0.000000,0.437398,0.884808,0.160616,0.000000,0.246219,-0.289616,0.924932,0.000000,0.373273,0.468187,0.278612,1.000000;;
      }
     }
    }

    Frame Skirt_Dummy {
     

     FrameTransformMatrix {
      -0.999999,-0.000754,0.001152,0.000000,0.000754,-1.000000,0.000112,0.000000,0.001152,0.000113,1.000000,0.000000,0.809204,0.000133,-0.106145,1.000000;;
     }

     Frame Skirt_LW_00 {
      

      FrameTransformMatrix {
       0.996026,-0.055475,-0.069676,0.000000,-0.021766,0.606985,-0.794415,0.000000,0.086363,0.792775,0.603366,0.000000,-0.284830,-4.285542,-2.248853,1.000000;;
      }

      Frame Skirt_LW_01 {
       

       FrameTransformMatrix {
        0.994860,0.000000,-0.101261,0.000000,0.000000,1.000000,0.000002,0.000000,0.101261,-0.000002,0.994860,0.000000,5.650749,-0.000000,0.000014,1.000000;;
       }

       Frame Skirt_LW_02 {
        

        FrameTransformMatrix {
         0.995515,0.000000,-0.094602,0.000000,0.000000,1.000000,0.000001,0.000000,0.094602,-0.000001,0.995515,0.000000,6.844886,-0.000000,0.000005,1.000000;;
        }
       }
      }
     }
    }
   }
  }
 }

 Frame FxBottom {
  

  FrameTransformMatrix {
   1.000000,0.000100,-0.000153,0.000000,-0.000101,1.000000,-0.000233,0.000000,0.000153,0.000233,1.000000,0.000000,1.562602,-24.012469,1.495453,1.000000;;
  }
 }
}

Frame Human_M_L02_Body_Skel {
 

 FrameTransformMatrix {
  1.000000,0.000000,0.000000,0.000000,0.000000,1.000000,0.000000,0.000000,0.000000,0.000000,1.000000,0.000000,0.000000,0.000000,0.000000,1.000000;;
 }

 Mesh  {
  9711;
  -4.999851;26.719162;-1.749518;,
  -5.186641;26.665707;0.007154;,
  -4.856284;26.719170;1.700181;,
  -4.289930;26.756821;3.324217;,
  -2.942031;26.772960;4.413700;,
  -5.186641;26.665707;0.007154;,
  -4.832144;26.803408;-1.669228;,
  -5.009420;26.752421;0.006354;,
  -4.688577;26.803416;1.619011;,
  -4.109132;26.839334;3.178759;,
  -2.858904;26.854726;4.202202;,
  -5.009420;26.752421;0.006354;,
  2.660616;35.691027;-0.495844;,
  2.729388;35.885965;-0.530573;,
  2.640860;36.014483;-0.725014;,
  2.548190;35.932182;-0.802124;,
  2.707551;36.076954;-0.549362;,
  2.690286;36.056723;-0.353161;,
  2.448493;36.465578;-0.750679;,
  2.344000;36.448509;-0.846627;,
  2.532472;36.487501;-0.572721;,
  2.497919;36.507808;-0.378826;,
  2.629293;36.014131;-0.225483;,
  2.413864;36.525658;-0.271157;,
  2.405897;36.644534;-0.573733;,
  2.276440;36.747834;-0.561919;,
  -7.070294;36.674691;-0.000859;,
  2.426488;36.698554;0.153293;,
  2.413864;36.525658;-0.271157;,
  2.629293;36.014131;-0.225483;,
  2.893578;35.673722;0.382564;,
  2.151778;36.807389;-1.132609;,
  2.580050;35.652198;-0.972222;,
  -6.062740;39.219085;-0.001442;,
  1.123695;37.789075;-2.755681;,
  0.173923;38.648966;-3.013957;,
  2.660616;35.691027;-0.495844;,
  2.760398;35.583680;0.497192;,
  2.278295;36.697958;0.279034;,
  2.276440;36.747834;-0.561919;,
  -6.535666;34.502534;3.919218;,
  2.493442;35.664954;0.948418;,
  2.003219;36.716582;1.021731;,
  2.113038;36.729670;0.080465;,
  2.529076;35.673722;-0.305323;,
  2.163574;35.732506;2.485605;,
  1.742679;36.783082;2.587881;,
  0.914462;37.722314;3.990152;,
  1.184882;37.833658;2.690156;,
  1.748733;33.201910;3.775806;,
  1.975536;34.666579;3.756026;,
  1.778728;35.924461;3.822092;,
  1.415046;36.823386;3.893673;,
  1.964844;36.729072;-0.045277;,
  2.395896;35.583680;-0.419951;,
  -5.794582;34.673837;3.815668;,
  1.336714;34.816301;3.659034;,
  1.171813;35.880234;3.716101;,
  1.146681;33.544326;3.483964;,
  0.864126;36.693437;3.781817;,
  0.419537;37.506650;3.872432;,
  0.937913;36.994544;0.916379;,
  0.803636;36.894122;0.000000;,
  1.244364;36.232141;0.000000;,
  1.443260;36.312256;0.961572;,
  0.892015;36.984509;2.493086;,
  1.394066;36.282134;2.658791;,
  0.937913;36.994544;-0.916379;,
  1.443260;36.312256;-0.961571;,
  0.892015;36.984509;-2.493086;,
  1.394066;36.282134;-2.658791;,
  1.793750;35.389507;2.824495;,
  1.793750;35.389507;-2.824495;,
  1.357780;21.547942;4.440883;,
  -2.364892;22.184403;5.360979;,
  -4.359363;21.182504;3.538443;,
  -3.732846;21.666368;4.553790;,
  -4.128390;21.208824;3.442057;,
  -4.191178;20.454125;3.749413;,
  -4.508675;19.897667;2.752946;,
  -0.507422;20.706718;5.457895;,
  -0.418540;21.374770;5.277220;,
  1.145431;20.649621;4.447102;,
  1.051988;19.960022;4.562877;,
  1.626239;18.650917;2.858130;,
  -2.366210;20.649616;5.499198;,
  -2.275009;21.344384;5.322455;,
  -4.149726;19.735742;4.014478;,
  -4.471692;19.242152;3.002112;,
  1.174563;21.511067;4.323560;,
  -0.329489;22.208557;5.150182;,
  -2.246612;22.174918;5.133000;,
  1.553521;19.282286;3.673479;,
  -4.685429;19.583651;2.108331;,
  -3.590502;20.901114;4.577822;,
  -3.545638;21.701184;4.393706;,
  -3.528202;20.189856;4.729531;,
  -4.282084;19.265000;2.977908;,
  -3.908099;19.757827;3.874357;,
  -3.944529;19.169013;4.113914;,
  -4.245422;18.666872;3.323830;,
  -0.744100;19.292440;5.537421;,
  -0.661706;20.047819;5.262834;,
  0.735145;19.378578;4.608084;,
  0.656494;18.607045;4.834451;,
  1.155780;17.572206;3.613605;,
  1.272682;18.307322;3.317255;,
  1.352931;17.858278;2.784808;,
  -2.396424;19.297670;5.494224;,
  -2.312210;20.042082;5.230578;,
  -3.974077;18.503698;4.291957;,
  -4.213011;18.067458;3.543355;,
  0.875199;19.904680;4.384630;,
  -0.561689;20.624083;5.156672;,
  1.408573;18.801795;2.888523;,
  -2.268401;20.594434;5.184657;,
  1.344555;19.291237;3.569235;,
  1.222577;18.731379;3.851673;,
  1.100603;17.968198;4.131700;,
  -4.425984;18.356206;2.804054;,
  -3.416813;19.620098;4.705159;,
  -3.350051;20.205726;4.524917;,
  -3.506216;18.931498;4.855040;,
  -4.053462;18.096397;3.446362;,
  -3.790138;18.536170;4.149136;,
  -3.916937;17.953931;4.277695;,
  -4.103904;17.609606;3.741729;,
  -0.943632;18.001669;5.534665;,
  -0.852293;18.642187;5.358882;,
  0.385885;17.981781;4.735966;,
  0.284624;17.314661;4.896658;,
  0.743829;16.527491;4.088932;,
  0.865421;17.158618;3.862580;,
  0.928383;16.848894;3.441838;,
  -2.499322;18.032526;5.548816;,
  -2.407682;18.653786;5.357572;,
  -3.863344;17.307976;4.538074;,
  -4.000854;16.955595;3.917418;,
  0.477242;18.598942;4.631153;,
  -0.767095;19.284766;5.283991;,
  0.985226;17.639595;3.602990;,
  -2.337149;19.260338;5.252274;,
  0.898140;18.066390;4.069019;,
  0.823811;17.503435;4.274153;,
  0.672275;16.846704;4.484548;,
  -4.185515;17.241107;3.310884;,
  -3.388478;18.399136;4.902773;,
  -3.320696;18.946610;4.733624;,
  -3.397976;17.706558;5.098586;,
  -4.128390;21.208824;3.442057;,
  1.174563;21.511067;4.323560;,
  -0.329489;22.208557;5.150182;,
  -2.246612;22.174918;5.133000;,
  -3.545638;21.701184;4.393706;,
  -4.488232;19.580510;2.088660;,
  1.408573;18.801795;2.888523;,
  -3.908099;19.757827;3.874357;,
  -4.282084;19.265000;2.977908;,
  0.875199;19.904680;4.384630;,
  -0.561689;20.624083;5.156672;,
  1.344555;19.291237;3.569235;,
  -2.268401;20.594434;5.184657;,
  -3.350051;20.205726;4.524917;,
  -4.269390;18.335523;2.783450;,
  -4.164880;19.272963;2.947765;,
  1.203500;17.838667;2.746552;,
  0.985226;17.639595;3.602990;,
  -3.790138;18.536170;4.149136;,
  -4.053462;18.096397;3.446362;,
  0.477242;18.598942;4.631153;,
  -0.767095;19.284766;5.283991;,
  0.898140;18.066390;4.069019;,
  -2.337149;19.260338;5.252274;,
  1.253260;18.827210;2.879196;,
  -3.320696;18.946610;4.733624;,
  -4.039920;17.237608;3.269302;,
  -3.901326;18.081011;3.363060;,
  0.794645;16.842322;3.424534;,
  0.620035;16.538235;4.036763;,
  -3.732358;17.336994;4.460827;,
  -3.865209;16.967480;3.843156;,
  0.192980;17.343317;4.780779;,
  -0.969992;17.972485;5.365899;,
  0.560176;16.900576;4.402542;,
  -2.447390;18.001680;5.378502;,
  0.818389;17.657224;3.643150;,
  -3.298225;17.714797;4.968144;,
  -0.507421;20.706717;-5.457894;,
  1.051988;19.960021;-4.562877;,
  1.145431;20.649618;-4.447102;,
  -0.418539;21.374768;-5.277220;,
  1.626240;18.650915;-2.858130;,
  -2.366209;20.649614;-5.499197;,
  -2.275009;21.344381;-5.322454;,
  -4.149726;19.735741;-4.014478;,
  -4.471692;19.242149;-3.002112;,
  1.553521;19.282283;-3.673478;,
  -3.590502;20.901112;-4.577822;,
  -3.528202;20.189854;-4.729530;,
  -4.282084;19.264997;-2.977908;,
  -4.245422;18.666870;-3.323830;,
  -3.944528;19.169010;-4.113914;,
  -3.908098;19.757826;-3.874357;,
  -0.744100;19.292438;-5.537420;,
  0.656495;18.607042;-4.834451;,
  0.735145;19.378576;-4.608083;,
  -0.661705;20.047818;-5.262834;,
  1.155780;17.572205;-3.613604;,
  1.352931;17.858277;-2.784807;,
  1.272682;18.307320;-3.317254;,
  -2.396423;19.297669;-5.494224;,
  -2.312209;20.042080;-5.230576;,
  -3.974076;18.503696;-4.291957;,
  -4.213011;18.067456;-3.543355;,
  0.875199;19.904678;-4.384629;,
  -0.561688;20.624080;-5.156672;,
  1.408573;18.801794;-2.888523;,
  -2.268400;20.594430;-5.184656;,
  1.344555;19.291235;-3.569235;,
  1.222577;18.731376;-3.851672;,
  1.100604;17.968197;-4.131700;,
  -4.425984;18.356205;-2.804054;,
  -3.416812;19.620096;-4.705158;,
  -3.350051;20.205725;-4.524917;,
  -3.506216;18.931496;-4.855039;,
  -4.053462;18.096395;-3.446362;,
  -4.103904;17.609603;-3.741729;,
  -3.916936;17.953930;-4.277694;,
  -3.790138;18.536166;-4.149136;,
  -0.943632;18.001667;-5.534664;,
  0.284624;17.314659;-4.896658;,
  0.385885;17.981779;-4.735965;,
  -0.852293;18.642186;-5.358881;,
  0.743829;16.527488;-4.088931;,
  0.928383;16.848893;-3.441838;,
  0.865421;17.158614;-3.862580;,
  -2.499322;18.032525;-5.548815;,
  -2.407681;18.653784;-5.357572;,
  -3.863343;17.307974;-4.538074;,
  -4.000854;16.955594;-3.917418;,
  0.477243;18.598939;-4.631152;,
  -0.767095;19.284765;-5.283991;,
  0.985226;17.639594;-3.602989;,
  -2.337148;19.260336;-5.252274;,
  0.898140;18.066389;-4.069018;,
  0.823811;17.503434;-4.274153;,
  0.672275;16.846702;-4.484547;,
  -4.185515;17.241106;-3.310884;,
  -3.388478;18.399134;-4.902772;,
  -3.320696;18.946608;-4.733624;,
  -3.397976;17.706557;-5.098585;,
  1.408573;18.801794;-2.888523;,
  -4.282084;19.264997;-2.977908;,
  -3.908098;19.757826;-3.874357;,
  -0.561688;20.624080;-5.156672;,
  0.875199;19.904678;-4.384629;,
  1.344555;19.291235;-3.569235;,
  -2.268400;20.594430;-5.184656;,
  -3.350051;20.205725;-4.524917;,
  -4.164880;19.272960;-2.947765;,
  -4.269390;18.335522;-2.783450;,
  0.985226;17.639594;-3.602989;,
  1.203500;17.838666;-2.746552;,
  -4.053462;18.096395;-3.446362;,
  -3.790138;18.536166;-4.149136;,
  -0.767095;19.284765;-5.283991;,
  0.477243;18.598939;-4.631152;,
  0.898140;18.066389;-4.069018;,
  -2.337148;19.260336;-5.252274;,
  1.253260;18.827208;-2.879196;,
  -3.320696;18.946608;-4.733624;,
  -3.901326;18.081010;-3.363060;,
  -4.039920;17.237606;-3.269302;,
  0.620035;16.538234;-4.036762;,
  0.794645;16.842320;-3.424534;,
  -3.865208;16.967478;-3.843156;,
  -3.732357;17.336992;-4.460826;,
  -0.969992;17.972483;-5.365898;,
  0.192980;17.343315;-4.780778;,
  0.560177;16.900574;-4.402541;,
  -2.447390;18.001678;-5.378501;,
  0.818389;17.657222;-3.643150;,
  -3.298225;17.714794;-4.968144;,
  2.344000;36.448509;-0.846627;,
  2.548190;35.932182;-0.802124;,
  1.938154;36.230582;-2.012658;,
  1.959613;35.915597;0.000000;,
  1.018346;37.669974;-2.041477;,
  1.607744;36.128470;0.000000;,
  1.520848;37.909898;-3.293499;,
  1.546885;37.622749;-3.299308;,
  -1.602033;29.404810;8.272666;,
  1.501405;33.432045;3.529950;,
  1.938154;36.230582;2.012658;,
  1.018345;37.669971;2.041477;,
  1.959613;35.915597;0.000000;,
  1.560776;36.303354;3.807941;,
  0.392275;37.891933;3.801849;,
  1.607744;36.128470;0.000000;,
  1.546885;37.622749;3.299308;,
  1.520847;37.909898;3.293499;,
  1.750870;34.620256;3.759787;,
  0.800886;20.251870;-4.264650;,
  -1.093201;17.878875;-5.140640;,
  0.418929;17.576710;-4.498421;,
  -0.663844;20.473074;-4.958118;,
  0.578797;17.055448;-1.981578;,
  0.928750;17.254842;-3.380650;,
  -1.058257;17.049739;-0.963079;,
  -2.459964;20.494213;-4.796004;,
  -4.137809;15.610754;-2.090689;,
  -2.848685;15.277773;-1.321453;,
  -3.117573;14.382299;-1.476378;,
  -1.737506;14.077883;-1.335404;,
  -2.848685;15.277773;-1.321453;,
  -3.117573;14.382299;-1.476378;,
  -3.784638;12.034346;-1.594089;,
  -5.159944;12.470933;-2.644046;,
  -4.242965;19.873349;-2.674434;,
  -2.506543;17.215989;-0.892814;,
  -3.682303;20.324069;-4.205786;,
  -3.580487;17.995112;-4.316914;,
