xof 0303txt 0032
template ColorRGBA {
 <35ff44e0-6c7c-11cf-8f52-0040333594a3>
 FLOAT red;
 FLOAT green;
 FLOAT blue;
 FLOAT alpha;
}

template ColorRGB {
 <d3e16e81-7835-11cf-8f52-0040333594a3>
 FLOAT red;
 FLOAT green;
 FLOAT blue;
}

template Material {
 <3d82ab4d-62da-11cf-ab39-0020af71e433>
 ColorRGBA faceColor;
 FLOAT power;
 ColorRGB specularColor;
 ColorRGB emissiveColor;
 [...]
}

template TextureFilename {
 <a42790e1-7810-11cf-8f52-0040333594a3>
 STRING filename;
}

template Frame {
 <3d82ab46-62da-11cf-ab39-0020af71e433>
 [...]
}

template Matrix4x4 {
 <f6f23f45-7686-11cf-8f52-0040333594a3>
 array FLOAT matrix[16];
}

template FrameTransformMatrix {
 <f6f23f41-7686-11cf-8f52-0040333594a3>
 Matrix4x4 frameMatrix;
}

template Vector {
 <3d82ab5e-62da-11cf-ab39-0020af71e433>
 FLOAT x;
 FLOAT y;
 FLOAT z;
}

template MeshFace {
 <3d82ab5f-62da-11cf-ab39-0020af71e433>
 DWORD nFaceVertexIndices;
 array DWORD faceVertexIndices[nFaceVertexIndices];
}

template Mesh {
 <3d82ab44-62da-11cf-ab39-0020af71e433>
 DWORD nVertices;
 array Vector vertices[nVertices];
 DWORD nFaces;
 array MeshFace faces[nFaces];
 [...]
}

template MeshNormals {
 <f6f23f43-7686-11cf-8f52-0040333594a3>
 DWORD nNormals;
 array Vector normals[nNormals];
 DWORD nFaceNormals;
 array MeshFace faceNormals[nFaceNormals];
}

template MeshMaterialList {
 <f6f23f42-7686-11cf-8f52-0040333594a3>
 DWORD nMaterials;
 DWORD nFaceIndexes;
 array DWORD faceIndexes[nFaceIndexes];
 [Material <3d82ab4d-62da-11cf-ab39-0020af71e433>]
}

template IndexedColor {
 <1630b820-7842-11cf-8f52-0040333594a3>
 DWORD index;
 ColorRGBA indexColor;
}

template MeshVertexColors {
 <1630b821-7842-11cf-8f52-0040333594a3>
 DWORD nVertexColors;
 array IndexedColor vertexColors[nVertexColors];
}

template Coords2d {
 <f6f23f44-7686-11cf-8f52-0040333594a3>
 FLOAT u;
 FLOAT v;
}

template MeshTextureCoords {
 <f6f23f40-7686-11cf-8f52-0040333594a3>
 DWORD nTextureCoords;
 array Coords2d textureCoords[nTextureCoords];
}

template FVFData {
 <b6e70a0e-8ef9-4e83-94ad-ecc8b0c04897>
 DWORD dwFVF;
 DWORD nDWords;
 array DWORD data[nDWords];
}

template XSkinMeshHeader {
 <3cf169ce-ff7c-44ab-93c0-f78f62d172e2>
 WORD nMaxSkinWeightsPerVertex;
 WORD nMaxSkinWeightsPerFace;
 WORD nBones;
}

template SkinWeights {
 <6f0d123b-bad2-4167-a0d0-80224f25fabb>
 STRING transformNodeName;
 DWORD nWeights;
 array DWORD vertexIndices[nWeights];
 array FLOAT weights[nWeights];
 Matrix4x4 matrixOffset;
}

template Animation {
 <3d82ab4f-62da-11cf-ab39-0020af71e433>
 [...]
}

template AnimationSet {
 <3d82ab50-62da-11cf-ab39-0020af71e433>
 [Animation <3d82ab4f-62da-11cf-ab39-0020af71e433>]
}

template FloatKeys {
 <10dd46a9-775b-11cf-8f52-0040333594a3>
 DWORD nValues;
 array FLOAT values[nValues];
}

template TimedFloatKeys {
 <f406b180-7b3b-11cf-8f52-0040333594a3>
 DWORD time;
 FloatKeys tfkeys;
}

template AnimationKey {
 <10dd46a8-775b-11cf-8f52-0040333594a3>
 DWORD keyType;
 DWORD nKeys;
 array TimedFloatKeys keys[nKeys];
}


Material Multimaterial_Popori_F_L03_Body_MISub0 {
 1.000000;1.000000;1.000000;1.000000;;
 3.200000;
 0.000000;0.000000;0.000000;;
 0.000000;0.000000;0.000000;;

 TextureFilename {
  "Popori_F_L03_Body_diff.png";
 }
}

Material Multimaterial_Popori_F_L03_Hand_MISub0 {
 1.000000;1.000000;1.000000;1.000000;;
 3.200000;
 0.000000;0.000000;0.000000;;
 0.000000;0.000000;0.000000;;

 TextureFilename {
  "Popori_F_L03_Hand_diff.png";
 }
}

Material Multimaterial_Popori_F_L03_Leg_MISub0 {
 1.000000;1.000000;1.000000;1.000000;;
 3.200000;
 0.000000;0.000000;0.000000;;
 0.000000;0.000000;0.000000;;

 TextureFilename {
  "Popori_F_L03_Leg_diff.png";
 }
}

Frame Dummy_root {
 

 FrameTransformMatrix {
  0.000000,0.000000,-1.000000,0.000000,0.000000,1.000000,0.000000,0.000000,1.000000,0.000000,0.000000,0.000000,0.045567,19.558000,-0.000001,1.000000;;
 }

 Frame Bip01 {
  

  FrameTransformMatrix {
   0.922172,0.098160,-0.374118,0.000000,-0.170595,0.971317,-0.165652,0.000000,0.347127,0.216583,0.912467,0.000000,1.672729,-1.301672,0.089788,1.000000;;
  }

  Frame Bip01-Pelvis {
   

   FrameTransformMatrix {
    0.000000,1.000000,-0.000001,0.000000,-0.000002,0.000002,1.000000,0.000000,1.000000,-0.000000,0.000002,0.000000,0.000000,0.000000,0.000000,1.000000;;
   }

   Frame Bip01-Spine {
    

    FrameTransformMatrix {
     1.000000,-0.000000,0.000793,0.000000,0.000000,1.000000,-0.000000,0.000000,-0.000793,-0.000000,1.000000,0.000000,1.908190,0.000000,0.642225,1.000000;;
    }

    Frame Bip01-Spine1 {
     

     FrameTransformMatrix {
      0.999810,-0.009470,0.017038,0.000000,0.011133,0.994894,-0.100311,0.000000,-0.016001,0.100481,0.994810,0.000000,0.114788,-0.000160,-0.001586,1.000000;;
     }

     Frame Bip01-Spine2 {
      

      FrameTransformMatrix {
       0.991704,0.065799,-0.110426,0.000000,-0.076081,0.992882,-0.091638,0.000000,0.103610,0.099279,0.989651,0.000000,2.001902,-0.000079,-0.000789,1.000000;;
      }

      Frame Bip01-Spine3 {
       

       FrameTransformMatrix {
        0.995048,0.049938,-0.085943,0.000000,-0.057370,0.994616,-0.086299,0.000000,0.081170,0.090802,0.992556,0.000000,1.001520,-0.000258,-0.002816,1.000000;;
       }

       Frame Bip01-Neck {
        

        FrameTransformMatrix {
         0.956850,0.014803,0.290207,0.000000,-0.014177,0.999891,-0.004262,0.000000,-0.290238,-0.000036,0.956955,0.000000,3.900330,-0.000001,-0.625047,1.000000;;
        }

        Frame Bip01-Head {
         

         FrameTransformMatrix {
          0.975664,0.199709,0.090541,0.000000,-0.186948,0.973393,-0.132503,0.000000,-0.114594,0.112351,0.987039,0.000000,2.455551,0.000000,-0.000000,1.000000;;
         }

         Frame Bip01-HeadNub {
          

          FrameTransformMatrix {
           1.000000,-0.000000,-0.000000,0.000000,0.000000,1.000000,0.000000,0.000000,-0.000000,-0.000000,1.000000,0.000000,3.900387,0.000000,0.000000,1.000000;;
          }
         }

         Frame FxTop {
          

          FrameTransformMatrix {
           0.083314,-0.024385,0.996225,0.000000,0.985001,-0.149570,-0.086036,0.000000,0.151104,0.988450,0.011558,0.000000,3.758915,-0.036365,0.305748,1.000000;;
          }
         }
        }

        Frame Bip01-L-Clavicle {
         

         FrameTransformMatrix {
          -0.204351,0.978649,-0.022063,0.000000,0.934433,0.188304,-0.302285,0.000000,-0.291676,-0.082389,-0.952962,0.000000,-0.078716,0.545521,0.041142,1.000000;;
         }

         Frame Bip01-L-UpperArm {
          

          FrameTransformMatrix {
           0.639569,-0.669736,0.377368,0.000000,0.764420,0.502138,-0.404377,0.000000,0.081336,0.547094,0.833111,0.000000,1.475947,-0.000004,0.000001,1.000000;;
          }

          Frame Bip01-L-Forearm {
           

           FrameTransformMatrix {
            0.999992,0.000000,-0.004151,0.000000,0.000000,1.000000,-0.000000,0.000000,0.004150,0.000000,0.999991,0.000000,4.688215,-0.000001,0.000001,1.000000;;
           }

           Frame Bip01-L-Hand {
            

            FrameTransformMatrix {
             0.946754,0.200854,0.251624,0.000000,-0.099939,-0.559597,0.822717,0.000000,0.306053,-0.804058,-0.509728,0.000000,4.107864,0.000001,0.000001,1.000000;;
            }

            Frame Bip01-L-Finger0 {
             

             FrameTransformMatrix {
              0.765650,-0.440897,0.468390,0.000000,0.354266,-0.318755,-0.879142,0.000000,0.536913,0.839050,-0.087860,0.000000,0.285639,-0.299339,0.326492,1.000000;;
             }

             Frame Bip01-L-Finger01 {
              

              FrameTransformMatrix {
               0.995178,-0.000000,-0.098090,0.000000,-0.000000,1.000000,0.000000,0.000000,0.098090,0.000000,0.995177,0.000000,1.038833,0.000002,0.000000,1.000000;;
              }

              Frame Bip01-L-Finger02 {
               

               FrameTransformMatrix {
                0.974444,0.000000,-0.224632,0.000000,-0.000000,1.000000,0.000000,0.000000,0.224632,-0.000000,0.974444,0.000000,0.884444,-0.000003,0.000001,1.000000;;
               }

               Frame Bip01-L-Finger0Nub {
                

                FrameTransformMatrix {
                 1.000000,0.000000,-0.000000,0.000000,0.000000,1.000000,-0.000000,0.000000,-0.000000,0.000000,1.000000,0.000000,0.790525,0.000001,0.000000,1.000000;;
                }
               }
              }
             }
            }

            Frame Bip01-L-Finger1 {
             

             FrameTransformMatrix {
              0.907686,-0.013342,-0.419437,0.000000,-0.001422,0.999391,-0.034867,0.000000,0.419647,0.032245,0.907115,0.000000,2.106615,-0.634790,-0.109810,1.000000;;
             }

             Frame Bip01-L-Finger11 {
              

              FrameTransformMatrix {
               0.999998,0.000000,0.001953,0.000000,-0.000000,1.000000,-0.000000,0.000000,-0.001953,0.000000,0.999998,0.000000,0.729258,-0.000000,0.000004,1.000000;;
              }

              Frame Bip01-L-Finger12 {
               

               FrameTransformMatrix {
                0.973116,-0.000000,-0.230316,0.000000,0.000000,1.000000,-0.000000,0.000000,0.230316,0.000000,0.973116,0.000000,0.462318,-0.000000,0.000000,1.000000;;
               }

               Frame Bip01-L-Finger1Nub {
                

                FrameTransformMatrix {
                 1.000000,-0.000000,0.000000,0.000000,0.000000,1.000000,-0.000000,0.000000,0.000000,0.000000,1.000000,0.000000,0.691803,-0.000000,0.000002,1.000000;;
                }
               }
              }
             }
            }

            Frame Bip01-L-Finger2 {
             

             FrameTransformMatrix {
              0.860665,-0.017063,-0.508886,0.000000,0.016612,0.999847,-0.005429,0.000000,0.508901,-0.003781,0.860817,0.000000,2.134418,-0.154349,-0.143469,1.000000;;
             }

             Frame Bip01-L-Finger21 {
              

              FrameTransformMatrix {
               0.998440,-0.000000,-0.055827,0.000000,0.000000,1.000000,-0.000000,0.000000,0.055827,-0.000000,0.998440,0.000000,0.853100,-0.000000,-0.000004,1.000000;;
              }

              Frame Bip01-L-Finger22 {
               

               FrameTransformMatrix {
                0.996499,0.000000,-0.083608,0.000000,-0.000000,1.000000,-0.000000,0.000000,0.083609,0.000000,0.996499,0.000000,0.578699,0.000001,-0.000004,1.000000;;
               }

               Frame Bip01-L-Finger2Nub {
                

                FrameTransformMatrix {
                 1.000000,-0.000000,-0.000000,0.000000,0.000000,1.000000,0.000000,0.000000,-0.000000,0.000000,1.000000,0.000000,0.726138,-0.000000,-0.000004,1.000000;;
                }
               }
              }
             }
            }

            Frame Bip01-L-Finger3 {
             

             FrameTransformMatrix {
              0.911520,-0.015035,-0.410980,0.000000,0.061460,0.993089,0.099983,0.000000,0.406636,-0.116396,0.906145,0.000000,2.115125,0.321246,-0.155813,1.000000;;
             }

             Frame Bip01-L-Finger31 {
              

              FrameTransformMatrix {
               0.999556,0.000000,-0.029783,0.000000,-0.000000,1.000000,-0.000000,0.000000,0.029783,0.000000,0.999556,0.000000,0.827357,-0.000001,0.000004,1.000000;;
              }

              Frame Bip01-L-Finger32 {
               

               FrameTransformMatrix {
                0.958042,-0.000000,-0.286627,0.000000,0.000000,1.000000,-0.000000,0.000000,0.286627,0.000000,0.958042,0.000000,0.622404,0.000001,0.000004,1.000000;;
               }

               Frame Bip01-L-Finger3Nub {
                

                FrameTransformMatrix {
                 1.000000,0.000000,-0.000000,0.000000,0.000000,1.000000,0.000000,0.000000,0.000000,-0.000000,1.000000,0.000000,0.666091,-0.000000,-0.000002,1.000000;;
                }
               }
              }
             }
            }

            Frame Bip01-L-Finger4 {
             

             FrameTransformMatrix {
              0.960686,-0.098346,-0.259635,0.000000,0.118682,0.990880,0.063806,0.000000,0.250992,-0.092112,0.963597,0.000000,1.960247,0.837304,0.069010,1.000000;;
             }

             Frame Bip01-L-Finger41 {
              

              FrameTransformMatrix {
               0.999999,0.000000,-0.001770,0.000000,-0.000000,1.000000,-0.000000,0.000000,0.001770,-0.000000,0.999999,0.000000,0.575044,-0.000000,-0.000002,1.000000;;
              }

              Frame Bip01-L-Finger42 {
               

               FrameTransformMatrix {
                0.994528,-0.000000,-0.104474,0.000000,0.000000,1.000000,0.000000,0.000000,0.104474,-0.000000,0.994528,0.000000,0.339848,0.000000,-0.000002,1.000000;;
               }

               Frame Bip01-L-Finger4Nub {
                

                FrameTransformMatrix {
                 1.000000,0.000000,0.000000,0.000000,-0.000000,1.000000,-0.000000,0.000000,-0.000000,0.000000,1.000000,0.000000,0.577850,-0.000000,0.000000,1.000000;;
                }
               }
              }
             }
            }

            Frame L_Sword {
             

             FrameTransformMatrix {
              0.024975,-0.998394,0.050858,0.000000,-0.783889,-0.051130,-0.618792,0.000000,0.620398,-0.024413,-0.783907,0.000000,0.000000,0.000000,0.000000,1.000000;;
             }
            }

            Frame FxHand00 {
             

             FrameTransformMatrix {
              -0.268197,-0.938169,0.218883,0.000000,-0.653281,0.010129,-0.757048,0.000000,0.708021,-0.346031,-0.615604,0.000000,1.353450,0.088702,1.287977,1.000000;;
             }
            }
           }

           Frame L_Elbow {
            

            FrameTransformMatrix {
             0.999998,0.000000,0.002075,0.000000,0.000000,1.000000,-0.000000,0.000000,-0.002075,0.000000,0.999998,0.000000,0.000002,-0.000003,0.000000,1.000000;;
            }
           }

           Frame L_Shield {
            

            FrameTransformMatrix {
             1.000000,0.000000,0.000000,0.000000,0.000000,1.000000,0.000000,0.000000,0.000000,-0.000000,1.000000,0.000000,2.500004,2.499999,0.000001,1.000000;;
            }
           }

           Frame Bip01-L-ForeTwist {
            

            FrameTransformMatrix {
             1.000000,0.000000,-0.000000,0.000000,0.000000,0.955730,0.294244,0.000000,0.000000,-0.294244,0.955730,0.000000,0.000000,0.000000,0.000000,1.000000;;
            }
           }
          }

          Frame L_Shoulder {
           

           FrameTransformMatrix {
            0.904511,0.426040,0.018683,0.000000,-0.383841,0.794266,0.470964,0.000000,0.185811,-0.433164,0.881954,0.000000,0.000002,-0.000003,0.000000,1.000000;;
           }
          }

          Frame L_Shoulder_Twist {
           

           FrameTransformMatrix {
            1.000000,-0.000000,-0.000000,0.000000,0.000000,0.971333,0.237726,0.000000,-0.000000,-0.237726,0.971332,0.000000,1.400415,-0.000010,-0.000008,1.000000;;
           }
          }
         }
        }

        Frame Bip01-R-Clavicle {
         

         FrameTransformMatrix {
          -0.190608,-0.981010,-0.035893,0.000000,-0.938158,0.171274,0.300872,0.000000,-0.289011,0.091022,-0.952989,0.000000,-0.094896,-0.542942,0.041158,1.000000;;
         }

         Frame Bip01-R-UpperArm {
          

          FrameTransformMatrix {
           0.491580,0.824089,0.281472,0.000000,-0.870819,0.463421,0.164056,0.000000,0.004756,-0.325758,0.945441,0.000000,1.475948,0.000000,0.000001,1.000000;;
          }

          Frame Bip01-R-Forearm {
           

           FrameTransformMatrix {
            1.000000,0.000000,-0.001099,0.000000,0.000000,1.000000,0.000000,0.000000,0.001099,-0.000000,1.000000,0.000000,4.688210,0.000001,0.000000,1.000000;;
           }

           Frame Bip01-R-Hand {
            

            FrameTransformMatrix {
             0.898746,-0.094237,0.428224,0.000000,0.291410,-0.601359,-0.743941,0.000000,0.327623,0.793402,-0.513007,0.000000,4.107862,-0.000001,-0.000000,1.000000;;
            }

            Frame Bip01-R-Finger0 {
             

             FrameTransformMatrix {
              0.765650,0.440897,0.468391,0.000000,-0.354265,-0.318756,0.879142,0.000000,0.536913,-0.839050,-0.087861,0.000000,0.285641,0.299339,0.326494,1.000000;;
             }

             Frame Bip01-R-Finger01 {
              

              FrameTransformMatrix {
               0.995178,0.000000,-0.098090,0.000000,-0.000000,1.000000,-0.000000,0.000000,0.098090,0.000000,0.995178,0.000000,1.038837,0.000000,0.000000,1.000000;;
              }

              Frame Bip01-R-Finger02 {
               

               FrameTransformMatrix {
                0.974444,0.000000,-0.224632,0.000000,0.000000,1.000000,-0.000000,0.000000,0.224632,-0.000000,0.974444,0.000000,0.884441,0.000000,0.000000,1.000000;;
               }

               Frame Bip01-R-Finger0Nub {
                

                FrameTransformMatrix {
                 -1.000000,-0.000000,0.000691,0.000000,-0.000000,1.000000,-0.000000,0.000000,-0.000691,-0.000000,-1.000000,0.000000,0.790525,-0.000000,-0.000001,1.000000;;
                }
               }
              }
             }
            }

            Frame Bip01-R-Finger1 {
             

             FrameTransformMatrix {
              0.907686,0.013342,-0.419437,0.000000,0.001422,0.999391,0.034867,0.000000,0.419647,-0.032245,0.907114,0.000000,2.106618,0.634790,-0.109814,1.000000;;
             }

             Frame Bip01-R-Finger11 {
              

              FrameTransformMatrix {
               0.999998,0.000000,0.001953,0.000000,0.000000,1.000000,-0.000000,0.000000,-0.001953,-0.000000,0.999998,0.000000,0.729259,0.000000,0.000002,1.000000;;
              }

              Frame Bip01-R-Finger12 {
               

               FrameTransformMatrix {
                0.973116,-0.000000,-0.230316,0.000000,-0.000000,1.000000,-0.000000,0.000000,0.230316,0.000000,0.973116,0.000000,0.462318,0.000000,0.000000,1.000000;;
               }

               Frame Bip01-R-Finger1Nub {
                

                FrameTransformMatrix {
                 -1.000000,-0.000000,0.000691,0.000000,-0.000000,1.000000,-0.000000,0.000000,-0.000691,-0.000000,-1.000000,0.000000,0.691802,-0.000001,-0.000002,1.000000;;
                }
               }
              }
             }
            }

            Frame Bip01-R-Finger2 {
             

             FrameTransformMatrix {
              0.860665,0.017063,-0.508886,0.000000,-0.016612,0.999848,0.005429,0.000000,0.508901,0.003781,0.860817,0.000000,2.134416,0.154348,-0.143473,1.000000;;
             }

             Frame Bip01-R-Finger21 {
              

              FrameTransformMatrix {
               0.998441,0.000000,-0.055827,0.000000,0.000000,1.000000,0.000000,0.000000,0.055827,-0.000000,0.998441,0.000000,0.853102,0.000001,0.000000,1.000000;;
              }

              Frame Bip01-R-Finger22 {
               

               FrameTransformMatrix {
                0.996499,0.000000,-0.083608,0.000000,0.000000,1.000000,0.000000,0.000000,0.083609,0.000000,0.996499,0.000000,0.578699,-0.000001,0.000000,1.000000;;
               }

               Frame Bip01-R-Finger2Nub {
                

                FrameTransformMatrix {
                 -1.000000,-0.000000,0.000691,0.000000,-0.000000,1.000000,-0.000000,0.000000,-0.000691,-0.000000,-1.000000,0.000000,0.726137,-0.000000,0.000000,1.000000;;
                }
               }
              }
             }
            }

            Frame Bip01-R-Finger3 {
             

             FrameTransformMatrix {
              0.911520,0.015035,-0.410980,0.000000,-0.061460,0.993089,-0.099983,0.000000,0.406636,0.116396,0.906145,0.000000,2.115125,-0.321246,-0.155815,1.000000;;
             }

             Frame Bip01-R-Finger31 {
              

              FrameTransformMatrix {
               0.999557,-0.000000,-0.029783,0.000000,-0.000000,1.000000,-0.000000,0.000000,0.029783,0.000000,0.999557,0.000000,0.827357,-0.000000,0.000002,1.000000;;
              }

              Frame Bip01-R-Finger32 {
               

               FrameTransformMatrix {
                0.958042,-0.000000,-0.286627,0.000000,0.000000,1.000000,-0.000000,0.000000,0.286627,0.000000,0.958042,0.000000,0.622404,0.000000,0.000004,1.000000;;
               }

               Frame Bip01-R-Finger3Nub {
                

                FrameTransformMatrix {
                 -1.000000,-0.000000,-0.000690,0.000000,-0.000000,1.000000,-0.000000,0.000000,0.000690,-0.000000,-1.000000,0.000000,0.666090,0.000000,0.000002,1.000000;;
                }
               }
              }
             }
            }

            Frame Bip01-R-Finger4 {
             

             FrameTransformMatrix {
              0.960686,0.098347,-0.259635,0.000000,-0.118682,0.990880,-0.063806,0.000000,0.250992,0.092111,0.963597,0.000000,1.960249,-0.837305,0.069007,1.000000;;
             }

             Frame Bip01-R-Finger41 {
              

              FrameTransformMatrix {
               0.999999,0.000000,-0.001770,0.000000,0.000000,1.000000,-0.000000,0.000000,0.001770,0.000000,0.999999,0.000000,0.575042,-0.000001,0.000000,1.000000;;
              }

              Frame Bip01-R-Finger42 {
               

               FrameTransformMatrix {
                0.994528,0.000000,-0.104474,0.000000,0.000000,1.000000,-0.000000,0.000000,0.104474,-0.000000,0.994528,0.000000,0.339849,0.000000,-0.000002,1.000000;;
               }

               Frame Bip01-R-Finger4Nub {
                

                FrameTransformMatrix {
                 -1.000000,0.000000,-0.000690,0.000000,-0.000000,1.000000,-0.000000,0.000000,0.000690,-0.000000,-1.000000,0.000000,0.577849,0.000000,0.000000,1.000000;;
                }
               }
              }
             }
            }

            Frame R_Sword {
             

             FrameTransformMatrix {
              0.024975,0.998394,0.050859,0.000000,-0.783890,0.051131,-0.618791,0.000000,-0.620398,-0.024413,0.783907,0.000000,0.000000,0.000000,0.000000,1.000000;;
             }
            }

            Frame FxHand01 {
             

             FrameTransformMatrix {
              -0.475064,0.651038,0.591999,0.000000,-0.834451,-0.119772,-0.537909,0.000000,-0.279294,-0.749536,0.600159,0.000000,1.353238,-0.088882,1.288059,1.000000;;
             }
            }
           }

           Frame R_Elbow {
            

            FrameTransformMatrix {
             1.000000,0.000000,0.000549,0.000000,-0.000000,1.000000,0.000000,0.000000,-0.000549,0.000000,1.000000,0.000000,-0.000002,-0.000003,-0.000000,1.000000;;
            }
           }

           Frame Bip01-R-ForeTwist {
            

            FrameTransformMatrix {
             1.000000,-0.000000,0.000000,0.000000,0.000000,0.942788,-0.333394,0.000000,0.000000,0.333394,0.942788,0.000000,0.000000,0.000000,0.000000,1.000000;;
            }
           }
          }

          Frame R_Shoulder {
           

           FrameTransformMatrix {
            0.863289,-0.504237,-0.021827,0.000000,0.485009,0.840782,-0.240527,0.000000,0.139634,0.197058,0.970397,0.000000,0.000000,-0.000001,-0.000001,1.000000;;
           }
          }

          Frame R_Shoulder_Twist {
           

           FrameTransformMatrix {
            1.000000,-0.000000,0.000000,0.000000,-0.000000,0.995496,-0.094806,0.000000,0.000000,0.094806,0.995496,0.000000,1.400433,0.000001,-0.000010,1.000000;;
           }
          }
         }
        }
       }
      }

      Frame FxCenter {
       

       FrameTransformMatrix {
        -0.245031,0.173573,0.953851,0.000000,0.965624,0.131747,0.224081,0.000000,-0.086772,0.975969,-0.199888,0.000000,0.509272,-0.036360,0.006086,1.000000;;
       }
      }

      Frame Weapon_Back {
       

       FrameTransformMatrix {
        -0.999756,0.015248,-0.015991,0.000000,-0.015248,-0.999884,-0.000122,0.000000,-0.015991,0.000122,0.999872,0.000000,3.034788,-0.107326,-2.849365,1.000000;;
       }
      }
     }
    }

    Frame Bip01-L-Thigh {
     

     FrameTransformMatrix {
      -0.929185,-0.322557,-0.180479,0.000000,0.295049,-0.941398,0.163451,0.000000,-0.222624,0.098626,0.969903,0.000000,-1.908701,1.659741,-0.640709,1.000000;;
     }

     Frame Bip01-L-Calf {
      

      FrameTransformMatrix {
       0.975617,-0.000000,-0.219482,0.000000,-0.000000,1.000000,0.000000,0.000000,0.219482,0.000000,0.975617,0.000000,8.609466,0.000000,0.000000,1.000000;;
      }

      Frame Bip01-L-Foot {
       

       FrameTransformMatrix {
        0.943896,-0.098383,0.315249,0.000000,0.134927,0.986172,-0.096224,0.000000,-0.301423,0.133361,0.944118,0.000000,8.249181,0.000000,-0.000000,1.000000;;
       }

       Frame Bip01-L-Toe0 {
        

        FrameTransformMatrix {
         0.000056,0.250338,0.968159,0.000000,0.000036,0.968159,-0.250338,0.000000,-1.000000,0.000049,0.000045,0.000000,2.269856,0.000000,1.377458,1.000000;;
        }

        Frame Bip01-L-Toe0Nub {
         

         FrameTransformMatrix {
          -1.000000,-0.000000,0.000691,0.000000,-0.000000,1.000000,-0.000000,0.000000,-0.000691,-0.000000,-1.000000,0.000000,1.253012,0.000000,0.000000,1.000000;;
         }
        }
       }
      }

      Frame L_Knee {
       

       FrameTransformMatrix {
        0.993884,0.000000,0.110430,0.000000,-0.000000,1.000000,0.000000,0.000000,-0.110430,-0.000000,0.993884,0.000000,0.000000,-0.000002,-0.000000,1.000000;;
       }
      }

      Frame Bip01-LCalfTwist {
       

       FrameTransformMatrix {
        1.000000,0.000000,-0.000000,0.000000,-0.000000,0.998820,-0.048571,0.000000,0.000000,0.048571,0.998820,0.000000,0.000000,0.000000,0.000000,1.000000;;
       }
      }
     }

     Frame L_Thigh {
      

      FrameTransformMatrix {
       0.982010,-0.151249,0.113049,0.000000,0.152555,0.988290,-0.002948,0.000000,-0.111280,0.020141,0.993585,0.000000,0.000000,0.000000,0.000000,1.000000;;
      }
     }
    }

    Frame Bip01-R-Thigh {
     

     FrameTransformMatrix {
      -0.943220,-0.162603,0.289649,0.000000,0.320904,-0.671234,0.668181,0.000000,0.085774,0.723191,0.685301,0.000000,-1.908701,-1.659741,-0.640699,1.000000;;
     }

     Frame Bip01-R-Calf {
      

      FrameTransformMatrix {
       0.714044,-0.000000,-0.700101,0.000000,0.000000,1.000000,0.000000,0.000000,0.700101,0.000000,0.714044,0.000000,8.609466,0.000001,-0.000000,1.000000;;
      }

      Frame Bip01-R-Foot {
       

       FrameTransformMatrix {
        0.935868,-0.246841,0.251437,0.000000,0.250603,0.967933,0.017474,0.000000,-0.247688,0.046658,0.967716,0.000000,8.249180,0.000000,-0.000001,1.000000;;
       }

       Frame Bip01-R-Toe0 {
        

        FrameTransformMatrix {
         0.000031,-0.011826,0.999930,0.000000,0.000000,0.999930,0.011826,0.000000,-1.000000,-0.000000,0.000031,0.000000,2.269856,-0.000000,1.377458,1.000000;;
        }

        Frame Bip01-R-Toe0Nub {
         

         FrameTransformMatrix {
          1.000000,0.000000,0.000000,0.000000,-0.000000,1.000000,0.000000,0.000000,0.000000,0.000000,1.000000,0.000000,1.253012,0.000001,0.000000,1.000000;;
         }
        }
       }
      }

      Frame R_Knee {
       

       FrameTransformMatrix {
        0.925762,-0.000000,0.378108,0.000000,0.000000,1.000000,0.000000,0.000000,-0.378108,-0.000000,0.925762,0.000000,-0.000001,-0.000000,0.000000,1.000000;;
       }
      }

      Frame Bip01-RCalfTwist {
       

       FrameTransformMatrix {
        1.000000,-0.000000,0.000000,0.000000,0.000000,0.999960,0.008972,0.000000,-0.000000,-0.008972,0.999960,0.000000,0.000000,0.000000,0.000000,1.000000;;
       }
      }
     }

     Frame R_Thigh {
      

      FrameTransformMatrix {
       0.985114,-0.151427,-0.081361,0.000000,0.100677,0.891871,-0.440943,0.000000,0.139334,0.426189,0.893840,0.000000,0.660440,0.191945,0.468494,1.000000;;
      }
     }
    }

    Frame Skirt_Dummy {
     

     FrameTransformMatrix {
      -0.999999,-0.000565,0.000796,0.000000,0.000565,-1.000000,-0.000002,0.000000,0.000796,-0.000001,1.000000,0.000000,-0.782761,0.000000,0.001093,1.000000;;
     }

     Frame Skirt_B_00 {
      

      FrameTransformMatrix {
       0.971408,0.200575,-0.127030,0.000000,-0.025947,0.621535,0.782957,0.000000,0.235995,-0.757274,0.608969,0.000000,-1.374886,2.772718,-1.251403,1.000000;;
      }
     }

     Frame Skirt_B_01 {
      

      FrameTransformMatrix {
       0.961320,0.000001,-0.275435,0.000000,-0.000000,1.000000,0.000003,0.000000,0.275435,-0.000002,0.961320,0.000000,-1.323734,0.000005,-2.453229,1.000000;;
      }
     }

     Frame Skirt_B_02 {
      

      FrameTransformMatrix {
       0.971408,-0.200574,-0.127031,0.000000,0.025947,0.621540,-0.782953,0.000000,0.235995,0.757270,0.608973,0.000000,-1.374884,-2.772997,-1.251418,1.000000;;
      }
     }

     Frame Skirt_B_03 {
      

      FrameTransformMatrix {
       0.993713,-0.109471,0.023455,0.000000,-0.062397,-0.715488,-0.695833,0.000000,0.092956,0.689995,-0.717821,0.000000,-1.218605,-2.072005,1.513221,1.000000;;
      }
     }

     Frame Skirt_B_04 {
      

      FrameTransformMatrix {
       0.993713,0.109472,0.023456,0.000000,0.062397,-0.715492,0.695829,0.000000,0.092956,-0.689991,-0.717825,0.000000,-1.218607,2.072053,1.513232,1.000000;;
      }
     }

     Frame Skirt_B_05 {
      

      FrameTransformMatrix {
       0.994500,0.000001,0.104738,0.000000,0.000001,-1.000000,-0.000002,0.000000,0.104738,0.000003,-0.994500,0.000000,-1.198439,0.000008,2.152186,1.000000;;
      }
     }
    }
   }
  }
 }

 Frame FxBottom {
  

  FrameTransformMatrix {
   1.000000,0.000000,0.000000,0.000000,0.000000,1.000000,0.000000,0.000000,0.000000,-0.000000,1.000000,0.000000,-0.012242,-19.558000,-1.073749,1.000000;;
  }
 }
}

Frame Popori_F_L03_Body_Skel {
 

 FrameTransformMatrix {
  1.000000,0.000000,0.000000,0.000000,0.000000,1.000000,0.000000,0.000000,0.000000,0.000000,1.000000,0.000000,0.000000,0.000000,0.000000,1.000000;;
 }

 Mesh  {
  8940;
  -1.953956;26.171538;-0.000000;,
  -1.972947;26.777584;-0.000000;,
  -1.968499;27.383878;-0.000000;,
  -1.890955;27.973974;-0.000000;,
  -1.900763;27.968630;0.533632;,
  0.474115;25.932275;1.860633;,
  -1.068521;27.244371;3.343385;,
  -0.620871;27.210637;3.335870;,
  -1.068521;27.244371;3.343385;,
  -1.484222;27.082461;3.205816;,
  -0.222540;25.834789;3.029679;,
  -0.104317;26.368170;3.494652;,
  -0.120708;26.731266;2.972347;,
  -0.314737;27.068019;3.186137;,
  -0.451707;26.786491;3.794471;,
  -1.098237;26.907210;3.880734;,
  -1.098237;26.907210;3.880734;,
  -1.543254;26.806739;3.692434;,
  -1.833963;26.456358;3.378711;,
  -1.706103;26.765381;2.926054;,
  -1.797528;26.044904;2.959339;,
  0.674962;27.330982;0.001257;,
  1.103242;25.939960;1.383613;,
  0.727134;25.948002;1.728498;,
  0.991852;26.727720;0.755083;,
  1.285011;25.954554;0.708284;,
  1.312386;25.952520;0.000000;,
  1.024978;26.719938;0.009069;,
  -1.900763;27.968630;-0.533632;,
  0.660852;25.945438;-1.823753;,
  -1.068521;27.244374;-3.343383;,
  -0.620871;27.210640;-3.335868;,
  -1.484222;27.082461;-3.205814;,
  -1.068521;27.244374;-3.343383;,
  -0.120708;26.731267;-2.972345;,
  -0.222540;25.834790;-3.029677;,
  -0.314737;27.068019;-3.186135;,
  -0.451707;26.786493;-3.794469;,
  -1.098237;26.907213;-3.880732;,
  -1.543254;26.806742;-3.692432;,
  -1.098237;26.907213;-3.880732;,
  -1.706103;26.765382;-2.926052;,
  -1.833963;26.456360;-3.378709;,
  -1.824826;25.991877;-3.046401;,
  -2.908919;19.017994;-0.000000;,
  1.103243;25.939960;-1.384695;,
  1.297859;25.949168;-0.708809;,
  0.985166;26.753482;-0.736346;,
  0.025079;16.021278;-3.920451;,
  -0.838836;14.942581;-4.202416;,
  -1.838426;14.936437;-3.996774;,
  -0.838836;14.942581;-4.202416;,
  -0.084452;14.918474;-4.066571;,
  1.311041;15.933690;-2.613275;,
  0.778223;15.995744;-3.480110;,
  -3.319088;14.873429;-2.590016;,
  -2.785815;14.862606;-3.356728;,
  -3.172192;15.685456;-1.528727;,
  -2.888473;14.815795;-0.666625;,
  -3.311752;14.837515;-1.586921;,
  -1.355504;14.735563;0.187668;,
  -2.233667;14.804013;-0.189750;,
  0.613252;14.902422;-3.587536;,
  0.442963;14.766379;0.083517;,
  1.189318;14.848314;-0.510110;,
  1.229820;14.916122;-2.697614;,
  1.514086;14.844632;-1.419631;,
  -2.005493;14.047570;-3.952258;,
  -0.900431;14.042045;-4.342318;,
  -0.900431;14.042045;-4.342318;,
  -0.204973;14.031070;-4.214584;,
  0.554708;14.010360;-3.629594;,
  1.147202;14.166240;-2.686043;,
  1.482362;14.300466;-1.532985;,
  0.351811;14.289074;0.073696;,
  -0.436332;14.271578;0.195028;,
  -0.436332;14.271578;0.195028;,
  -2.728689;14.283419;-3.455052;,
  -3.356841;14.292022;-1.643367;,
  -3.365950;14.289957;-2.471826;,
  0.615113;25.950445;1.854140;,
  0.032334;16.021278;3.887430;,
  -0.750464;16.026363;4.088568;,
  -0.750464;16.026363;4.088568;,
  -0.836338;14.942581;4.284593;,
  -1.832177;14.936437;4.129201;,
  -0.084414;14.918475;4.078097;,
  -0.836338;14.942581;4.284593;,
  1.315847;15.933680;2.648844;,
  0.788209;15.995744;3.446605;,
  -2.773160;14.862606;3.554492;,
  -3.317489;14.873429;2.801402;,
  -3.312627;14.837522;1.803572;,
  -2.889229;14.815813;0.872240;,
  -2.238029;14.804032;0.388953;,
  -1.358663;14.735539;0.029904;,
  0.617538;14.902422;3.582256;,
  0.441029;14.766418;0.131990;,
  1.191112;14.848318;0.709542;,
  1.514507;14.844645;1.606588;,
  1.234801;14.916109;2.766793;,
  -0.434162;14.702019;-0.024466;,
  -0.434162;14.702019;-0.024466;,
  -0.898046;14.042043;4.414037;,
  -1.999943;14.047570;4.136126;,
  -0.205048;14.031070;4.203052;,
  -0.898046;14.042043;4.414037;,
  -2.957749;14.274352;1.063433;,
  -2.300780;14.293672;0.574139;,
  -1.387430;14.279531;0.226510;,
  0.554666;14.010360;3.620469;,
  1.482654;14.300478;1.739116;,
  1.154451;14.166229;2.763879;,
  -0.440469;14.271595;0.093505;,
  0.352385;14.289109;0.202169;,
  -0.440469;14.271595;0.093505;,
  -2.719806;14.283419;3.703929;,
  -3.362257;14.289957;2.754311;,
  -3.360044;14.292029;1.929483;,
  -0.064031;14.202210;4.537634;,
  0.809437;14.208762;3.849699;,
  1.474086;12.796828;2.978518;,
  -3.694115;14.212925;2.862601;,
  -3.695860;14.211291;1.880718;,
  -3.490036;14.229472;3.423469;,
  -3.362257;14.289957;2.754311;,
  -3.093017;14.297371;3.253831;,
  -0.440469;14.271595;0.093505;,
  0.352385;14.289109;0.202169;,
  -1.387430;14.279531;0.226510;,
  1.536017;14.224888;1.086916;,
  1.686403;14.222264;1.647902;,
  1.482654;14.300478;1.739116;,
  1.285404;14.306245;1.230379;,
  -2.957749;14.274352;1.063433;,
  -2.300780;14.293672;0.574139;,
  -3.360044;14.292029;1.929483;,
  0.620115;14.280072;3.685550;,
  -0.121732;14.269856;4.286254;,
  1.610618;14.216034;2.484649;,
  1.248309;14.311973;2.765015;,
  -1.031111;14.201757;4.774227;,
  -1.027379;14.256466;4.463150;,
  1.333369;14.214027;3.236516;,
  0.852471;14.230123;0.136660;,
  1.275187;14.225507;0.579051;,
  1.063137;14.304152;0.800196;,
  0.746015;14.312584;0.422739;,
  -1.387430;14.279531;0.226510;,
  -3.089029;14.211920;3.929691;,
  -2.253160;14.208026;4.468564;,
  -2.719806;14.283419;3.703929;,
  -2.082333;14.281451;4.200997;,
  -1.999943;14.047570;4.136126;,
  -0.898046;14.042043;4.414037;,
  -0.205048;14.031070;4.203052;,
  0.554666;14.010360;3.620469;,
  1.154451;14.166229;2.763879;,
  0.809437;14.208762;-3.859642;,
  -0.064030;14.202210;-4.550250;,
  -3.695877;14.212925;-2.549855;,
  -3.492497;14.229472;-3.149233;,
  -3.097508;14.297373;-3.001328;,
  -3.365950;14.289957;-2.471826;,
  -0.436332;14.271578;0.195028;,
  0.351811;14.289074;0.073696;,
  1.532958;14.224906;-0.850712;,
  1.282875;14.306256;-1.002425;,
  1.482362;14.300466;-1.532985;,
  1.686055;14.222259;-1.439565;,
  -3.356841;14.292022;-1.643367;,
  0.620145;14.280072;-3.695018;,
  -0.121680;14.269856;-4.297875;,
  1.604094;14.216038;-2.382314;,
  1.240764;14.311984;-2.687153;,
  -1.032542;14.201757;-4.680994;,
  -1.029185;14.256466;-4.372473;,
  1.328857;14.214022;-3.161945;,
  0.742862;14.312602;-0.156860;,
  1.058572;14.304147;-0.542705;,
  1.269713;14.225512;-0.295910;,
  -2.256718;14.208026;-4.260726;,
  -3.093679;14.211920;-3.650576;,
  -2.087255;14.281451;-4.001159;,
  -2.728689;14.283419;-3.455052;,
  -0.900431;14.042045;-4.342318;,
  -2.005493;14.047570;-3.952258;,
  -0.204973;14.031070;-4.214584;,
  0.554708;14.010360;-3.629594;,
  1.147202;14.166240;-2.686043;,
  0.037064;26.534714;4.095038;,
  0.144687;26.508755;4.130443;,
  0.105001;26.454040;4.319027;,
  -0.010189;26.469566;4.319580;,
  0.123887;26.443131;3.892633;,
  0.217604;26.431832;3.960452;,
  0.209653;26.237659;3.807066;,
  0.289637;26.259272;3.888587;,
  0.254230;26.014454;3.878374;,
  0.327076;26.071802;3.948475;,
  0.236764;25.877947;4.073197;,
  0.312405;25.957157;4.112098;,
  0.165424;25.892010;4.300371;,
  0.252489;25.968968;4.302893;,
  0.073593;26.050072;4.453599;,
  0.175364;26.101715;4.431583;,
  0.004238;26.278166;4.461186;,
  0.117117;26.293288;4.437953;,
  -2.015187;25.935621;2.868289;,
  -1.718345;25.642774;2.622525;,
  -2.033737;25.111925;3.950005;,
  0.097201;26.147581;2.976246;,
  0.193064;26.009472;3.083669;,
  0.226245;26.257866;3.314192;,
  0.131859;26.371336;3.184215;,
  0.014072;25.717547;2.796825;,
  -0.063373;25.875586;2.708951;,
  -1.852341;25.634194;4.302376;,
  -1.550380;25.960850;4.622866;,
  -1.037563;26.085386;4.771574;,
  -0.509781;25.960226;4.691700;,
  -0.168622;25.633202;4.413745;,
  -0.144397;25.229198;4.043889;,
  -1.828118;25.230192;3.932518;,
  -1.797528;26.044904;2.959339;,
  -1.905693;26.073587;2.774454;,
  -1.974771;26.626587;3.287699;,
  -1.833924;26.855376;3.511937;,
  -1.927955;26.786589;3.670433;,
  -2.087214;26.537872;3.426643;,
  -1.610794;27.012387;3.662098;,
  -1.315468;27.128160;3.782454;,
  -1.359810;27.086886;3.969559;,
  -1.686411;26.963520;3.840136;,
  -0.997836;27.197510;3.853932;,
  -0.648759;27.160874;3.837619;,
  -0.629252;27.119325;4.028830;,
  -1.010905;27.163837;4.050103;,
  -0.321722;27.028362;3.734995;,
  -0.082872;26.838699;3.599127;,
  -0.010377;26.769571;3.768517;,
  -2.012691;26.377296;3.054631;,
  -2.123662;26.263950;3.171022;,
  -0.392089;25.885326;3.854958;,
  0.070138;26.614875;3.415231;,
  0.163049;26.526048;3.567760;,
  0.037064;26.534715;-4.095036;,
  -0.010189;26.469568;-4.319578;,
  0.105001;26.454043;-4.319025;,
  0.144687;26.508757;-4.130441;,
  0.123887;26.443133;-3.892631;,
  0.217604;26.431834;-3.960450;,
  0.209653;26.237661;-3.807064;,
  0.289637;26.259274;-3.888585;,
  0.254230;26.014456;-3.878372;,
  0.327076;26.071805;-3.948473;,
  0.236764;25.877949;-4.073195;,
  0.312405;25.957158;-4.112096;,
  0.165424;25.892011;-4.300369;,
  0.252489;25.968970;-4.302891;,
  0.073593;26.050074;-4.453597;,
  0.175364;26.101717;-4.431581;,
  0.004238;26.278168;-4.461184;,
  0.117117;26.293290;-4.437951;,
  -2.015186;25.935622;-2.868287;,
  -1.718345;25.642776;-2.622523;,
  -1.781030;26.256477;-4.739120;,
  -2.211930;25.790352;-4.281781;,
  -2.063818;25.613598;-4.409267;,
  -1.688861;26.019211;-4.807230;,
  -1.049249;26.434195;-4.951322;,
  -1.052086;26.173846;-4.991881;,
  -0.296104;26.255602;-4.837343;,
  -0.396723;26.018446;-4.892697;,
  0.190729;25.788922;-4.440708;,
  0.026900;25.612352;-4.547554;,
  0.225297;25.212406;-3.912920;,
  0.056982;25.110691;-4.088296;,
  -2.033737;25.111926;-3.950003;,
  0.097201;26.147582;-2.976244;,
  0.131859;26.371338;-3.184213;,
  0.226245;26.257867;-3.314190;,
  0.193064;26.009474;-3.083667;,
  -0.063373;25.875587;-2.708949;,
  0.014072;25.717549;-2.796823;,
  -1.852341;25.634195;-4.302374;,
  -1.550379;25.960851;-4.622864;,
  -1.037563;26.085389;-4.771572;,
  -0.509781;25.960227;-4.691698;,
  -0.168622;25.633203;-4.413743;,
  -0.144397;25.229200;-4.043887;,
  -1.828118;25.230194;-3.932516;,
  -1.905693;26.073589;-2.774452;,
  -1.797528;26.044907;-2.959337;,
  -1.974771;26.626589;-3.287697;,
  -2.087214;26.537874;-3.426641;,
  -1.927955;26.786590;-3.670431;,
  -1.833924;26.855376;-3.511935;,
  -1.610794;27.012390;-3.662096;,
  -1.686411;26.963523;-3.840134;,
  -1.359810;27.086886;-3.969557;,
  -1.315468;27.128163;-3.782452;,
  -0.997836;27.197514;-3.853930;,
  -1.010905;27.163840;-4.050101;,
